fedor@fedor-VirtualBox:~/STUDY/mail/2019-highload-dht/src/test/resources$ wrk -t 4 -c 512 -d 60s -R1000 -s put.lua -L http://localhost:8080/
Running 1m test @ http://localhost:8080/
  4 threads and 512 connections
  Thread calibration: mean lat.: 4.289ms, rate sampling interval: 17ms
  Thread calibration: mean lat.: 19.097ms, rate sampling interval: 94ms
  Thread calibration: mean lat.: 4.236ms, rate sampling interval: 16ms
  Thread calibration: mean lat.: 4.025ms, rate sampling interval: 16ms
  Thread Stats   Avg      Stdev     Max   +/- Stdev
    Latency     7.48ms   13.57ms 109.76ms   89.89%
    Req/Sec   260.96    205.20     2.44k    86.75%
  Latency Distribution (HdrHistogram - Recorded Latency)
 50.000%    1.95ms
 75.000%    6.70ms
 90.000%   21.34ms
 99.000%   64.93ms
 99.900%  104.64ms
 99.990%  108.22ms
 99.999%  109.82ms
100.000%  109.82ms

  Detailed Percentile spectrum:
       Value   Percentile   TotalCount 1/(1-Percentile)

       0.140     0.000000            1         1.00
       0.863     0.100000         4952         1.11
       1.159     0.200000         9893         1.25
       1.407     0.300000        14845         1.43
       1.655     0.400000        19804         1.67
       1.951     0.500000        24737         2.00
       2.157     0.550000        27208         2.22
       2.459     0.600000        29694         2.50
       3.137     0.650000        32151         2.86
       5.027     0.700000        34629         3.33
       6.703     0.750000        37095         4.00
       7.775     0.775000        38333         4.44
       9.111     0.800000        39573         5.00
      10.831     0.825000        40807         5.71
      13.207     0.850000        42044         6.67
      16.415     0.875000        43280         8.00
      18.511     0.887500        43901         8.89
      21.343     0.900000        44515        10.00
      25.343     0.912500        45134        11.43
      28.367     0.925000        45752        13.33
      32.111     0.937500        46371        16.00
      34.911     0.943750        46678        17.78
      37.695     0.950000        46987        20.00
      40.767     0.956250        47299        22.86
      43.455     0.962500        47606        26.67
      46.239     0.968750        47917        32.00
      48.735     0.971875        48069        35.56
      50.559     0.975000        48225        40.00
      52.447     0.978125        48382        45.71
      55.871     0.981250        48534        53.33
      58.559     0.984375        48689        64.00
      59.807     0.985938        48765        71.11
      60.959     0.987500        48842        80.00
      63.423     0.989062        48921        91.43
      66.815     0.990625        48998       106.67
      72.191     0.992188        49074       128.00
      75.263     0.992969        49113       142.22
      77.375     0.993750        49153       160.00
      79.423     0.994531        49191       182.86
      83.711     0.995313        49230       213.33
      90.879     0.996094        49269       256.00
      92.287     0.996484        49287       284.44
      93.055     0.996875        49307       320.00
      93.759     0.997266        49325       365.71
      94.527     0.997656        49345       426.67
      95.231     0.998047        49364       512.00
      99.071     0.998242        49376       568.89
      99.967     0.998437        49383       640.00
     101.247     0.998633        49393       731.43
     103.999     0.998828        49403       853.33
     104.639     0.999023        49412      1024.00
     105.215     0.999121        49423      1137.78
     105.215     0.999219        49423      1280.00
     105.407     0.999316        49427      1462.86
     105.791     0.999414        49432      1706.67
     106.815     0.999512        49436      2048.00
     107.135     0.999561        49439      2275.56
     107.455     0.999609        49441      2560.00
     107.647     0.999658        49444      2925.71
     107.775     0.999707        49447      3413.33
     107.839     0.999756        49450      4096.00
     107.839     0.999780        49450      4551.11
     107.903     0.999805        49451      5120.00
     107.967     0.999829        49452      5851.43
     108.095     0.999854        49453      6826.67
     108.159     0.999878        49454      8192.00
     108.223     0.999890        49455      9102.22
     108.287     0.999902        49457     10240.00
     108.287     0.999915        49457     11702.86
     108.287     0.999927        49457     13653.33
     108.287     0.999939        49457     16384.00
     108.927     0.999945        49458     18204.44
     108.927     0.999951        49458     20480.00
     108.927     0.999957        49458     23405.71
     109.183     0.999963        49459     27306.67
     109.183     0.999969        49459     32768.00
     109.183     0.999973        49459     36408.89
     109.183     0.999976        49459     40960.00
     109.183     0.999979        49459     46811.43
     109.823     0.999982        49460     54613.33
     109.823     1.000000        49460          inf
#[Mean    =        7.478, StdDeviation   =       13.566]
#[Max     =      109.760, Total count    =        49460]
#[Buckets =           27, SubBuckets     =         2048]
----------------------------------------------------------
  59841 requests in 1.01m, 4.74MB read
Requests/sec:    990.79
Transfer/sec:     80.31KB

