fedor@fedor-VirtualBox:~/STUDY/mail/2019-highload-dht/src/test/resources$ wrk -d 30s -R 10000 -L http://localhost:8080/v0/status
Running 30s test @ http://localhost:8080/v0/status
  2 threads and 10 connections
  Thread calibration: mean lat.: 2.118ms, rate sampling interval: 10ms
  Thread calibration: mean lat.: 1.961ms, rate sampling interval: 10ms
  Thread Stats   Avg      Stdev     Max   +/- Stdev
    Latency     2.26ms    3.71ms  52.77ms   95.14%
    Req/Sec     5.35k     1.31k   21.33k    88.61%
  Latency Distribution (HdrHistogram - Recorded Latency)
 50.000%    1.53ms
 75.000%    2.27ms
 90.000%    3.12ms
 99.000%   21.63ms
 99.900%   41.66ms
 99.990%   49.57ms
 99.999%   51.84ms
100.000%   52.80ms

  Detailed Percentile spectrum:
       Value   Percentile   TotalCount 1/(1-Percentile)

       0.024     0.000000            1         1.00
       0.490     0.100000        20005         1.11
       0.823     0.200000        39965         1.25
       1.076     0.300000        59976         1.43
       1.303     0.400000        79937         1.67
       1.534     0.500000        99894         2.00
       1.653     0.550000       109879         2.22
       1.780     0.600000       119870         2.50
       1.918     0.650000       129865         2.86
       2.075     0.700000       139855         3.33
       2.265     0.750000       149860         4.00
       2.369     0.775000       154844         4.44
       2.479     0.800000       159813         5.00
       2.595     0.825000       164866         5.71
       2.719     0.850000       169815         6.67
       2.873     0.875000       174821         8.00
       2.971     0.887500       177328         8.89
       3.125     0.900000       179786        10.00
       3.377     0.912500       182294        11.43
       3.711     0.925000       184780        13.33
       4.387     0.937500       187283        16.00
       4.991     0.943750       188521        17.78
       5.779     0.950000       189771        20.00
       6.795     0.956250       191022        22.86
       8.071     0.962500       192269        26.67
       9.831     0.968750       193516        32.00
      10.895     0.971875       194142        35.56
      12.143     0.975000       194765        40.00
      13.503     0.978125       195388        45.71
      15.095     0.981250       196012        53.33
      16.975     0.984375       196638        64.00
      18.095     0.985938       196952        71.11
      19.407     0.987500       197262        80.00
      20.767     0.989062       197577        91.43
      22.207     0.990625       197887       106.67
      23.855     0.992188       198203       128.00
      24.799     0.992969       198353       142.22
      26.127     0.993750       198509       160.00
      27.535     0.994531       198665       182.86
      29.295     0.995313       198822       213.33
      31.215     0.996094       198977       256.00
      32.207     0.996484       199055       284.44
      33.183     0.996875       199133       320.00
      34.527     0.997266       199211       365.71
      35.871     0.997656       199289       426.67
      37.087     0.998047       199367       512.00
      37.983     0.998242       199406       568.89
      38.943     0.998437       199446       640.00
      39.903     0.998633       199484       731.43
      40.831     0.998828       199523       853.33
      41.919     0.999023       199562      1024.00
      42.367     0.999121       199582      1137.78
      43.135     0.999219       199601      1280.00
      43.999     0.999316       199621      1462.86
      44.735     0.999414       199640      1706.67
      45.567     0.999512       199662      2048.00
      45.887     0.999561       199670      2275.56
      46.495     0.999609       199679      2560.00
      47.231     0.999658       199690      2925.71
      47.615     0.999707       199700      3413.33
      48.063     0.999756       199709      4096.00
      48.319     0.999780       199715      4551.11
      48.415     0.999805       199718      5120.00
      48.767     0.999829       199723      5851.43
      49.023     0.999854       199728      6826.67
      49.407     0.999878       199733      8192.00
      49.503     0.999890       199736      9102.22
      49.631     0.999902       199738     10240.00
      49.919     0.999915       199740     11702.86
      50.047     0.999927       199743     13653.33
      50.207     0.999939       199745     16384.00
      50.367     0.999945       199747     18204.44
      50.399     0.999951       199748     20480.00
      50.431     0.999957       199749     23405.71
      50.559     0.999963       199750     27306.67
      50.591     0.999969       199751     32768.00
      50.687     0.999973       199752     36408.89
      50.943     0.999976       199753     40960.00
      50.943     0.999979       199753     46811.43
      50.975     0.999982       199754     54613.33
      50.975     0.999985       199754     65536.00
      51.839     0.999986       199755     72817.78
      51.839     0.999988       199755     81920.00
      51.839     0.999989       199755     93622.86
      51.903     0.999991       199756    109226.67
      51.903     0.999992       199756    131072.00
      51.903     0.999993       199756    145635.56
      51.903     0.999994       199756    163840.00
      51.903     0.999995       199756    187245.71
      52.799     0.999995       199757    218453.33
      52.799     1.000000       199757          inf
#[Mean    =        2.264, StdDeviation   =        3.714]
#[Max     =       52.768, Total count    =       199757]
#[Buckets =           27, SubBuckets     =         2048]
----------------------------------------------------------
  299882 requests in 30.00s, 21.45MB read
Requests/sec:   9995.78
Transfer/sec:    732.11KB

