fedor@fedor-VirtualBox:~/STUDY/mail/2019-highload-dht/src/test/resources$ wrk -t 4 -c 512 -d 60s -R1000 -s get.lua -L http://localhost:8080/
Running 1m test @ http://localhost:8080/
  4 threads and 512 connections
  Thread calibration: mean lat.: 21.138ms, rate sampling interval: 99ms
  Thread calibration: mean lat.: 21.407ms, rate sampling interval: 93ms
  Thread calibration: mean lat.: 4.040ms, rate sampling interval: 15ms
  Thread calibration: mean lat.: 24.338ms, rate sampling interval: 94ms
  Thread Stats   Avg      Stdev     Max   +/- Stdev
    Latency    13.23ms   12.89ms  75.14ms   83.68%
    Req/Sec   257.47    301.04     1.93k    91.26%
  Latency Distribution (HdrHistogram - Recorded Latency)
 50.000%    9.16ms
 75.000%   18.86ms
 90.000%   32.64ms
 99.000%   54.05ms
 99.900%   68.22ms
 99.990%   74.56ms
 99.999%   75.20ms
100.000%   75.20ms

  Detailed Percentile spectrum:
       Value   Percentile   TotalCount 1/(1-Percentile)

       0.116     0.000000            1         1.00
       1.241     0.100000         4962         1.11
       2.006     0.200000         9921         1.25
       3.987     0.300000        14881         1.43
       6.467     0.400000        19842         1.67
       9.159     0.500000        24807         2.00
      10.727     0.550000        27287         2.22
      12.391     0.600000        29765         2.50
      14.455     0.650000        32244         2.86
      16.327     0.700000        34723         3.33
      18.863     0.750000        37203         4.00
      20.751     0.775000        38441         4.44
      22.831     0.800000        39688         5.00
      24.879     0.825000        40920         5.71
      27.023     0.850000        42159         6.67
      29.759     0.875000        43401         8.00
      31.167     0.887500        44022         8.89
      32.639     0.900000        44639        10.00
      34.335     0.912500        45264        11.43
      35.711     0.925000        45886        13.33
      37.311     0.937500        46506        16.00
      38.175     0.943750        46809        17.78
      39.231     0.950000        47118        20.00
      40.831     0.956250        47428        22.86
      42.943     0.962500        47743        26.67
      45.343     0.968750        48047        32.00
      46.431     0.971875        48204        35.56
      47.711     0.975000        48357        40.00
      48.895     0.978125        48514        45.71
      50.271     0.981250        48667        53.33
      51.519     0.984375        48822        64.00
      52.255     0.985938        48898        71.11
      52.831     0.987500        48977        80.00
      53.471     0.989062        49056        91.43
      54.399     0.990625        49132       106.67
      55.359     0.992188        49211       128.00
      55.807     0.992969        49247       142.22
      56.671     0.993750        49286       160.00
      58.239     0.994531        49324       182.86
      59.839     0.995313        49363       213.33
      61.855     0.996094        49403       256.00
      62.207     0.996484        49421       284.44
      62.687     0.996875        49441       320.00
      63.199     0.997266        49460       365.71
      63.871     0.997656        49479       426.67
      65.791     0.998047        49499       512.00
      66.303     0.998242        49508       568.89
      66.623     0.998437        49521       640.00
      67.135     0.998633        49529       731.43
      67.711     0.998828        49537       853.33
      68.287     0.999023        49547      1024.00
      68.543     0.999121        49552      1137.78
      69.055     0.999219        49557      1280.00
      69.439     0.999316        49563      1462.86
      69.759     0.999414        49566      1706.67
      70.271     0.999512        49571      2048.00
      70.847     0.999561        49574      2275.56
      71.487     0.999609        49576      2560.00
      73.407     0.999658        49579      2925.71
      73.471     0.999707        49581      3413.33
      73.535     0.999756        49583      4096.00
      73.599     0.999780        49585      4551.11
      74.303     0.999805        49586      5120.00
      74.367     0.999829        49588      5851.43
      74.367     0.999854        49588      6826.67
      74.495     0.999878        49589      8192.00
      74.559     0.999890        49590      9102.22
      74.751     0.999902        49592     10240.00
      74.751     0.999915        49592     11702.86
      74.751     0.999927        49592     13653.33
      74.751     0.999939        49592     16384.00
      74.943     0.999945        49593     18204.44
      74.943     0.999951        49593     20480.00
      74.943     0.999957        49593     23405.71
      75.199     0.999963        49595     27306.67
      75.199     1.000000        49595          inf
#[Mean    =       13.230, StdDeviation   =       12.894]
#[Max     =       75.136, Total count    =        49595]
#[Buckets =           27, SubBuckets     =         2048]
----------------------------------------------------------
  59546 requests in 1.01m, 4.67MB read
Requests/sec:    985.76
Transfer/sec:     79.18KB

